0   0   0
0   1   1
1   2   2
3   3   3
6   4   4
10   5   5
15   6   6
21   7   7
28   8   4
32   9   5
37   10   6
43   11   7
50   12   4
54   13   5
59   14   6
65   15   7
72   16   4
76   17   5
81   18   6
87   19   7
94   20   4
98   21   5
103   22   6
109   23   7
116   24   4
120   25   5
125   26   6
131   27   7
138   28   8
146   29   9
155   30   10
165   31   11
176   32   16
192   33   17
209   34   18
227   35   19
246   36   16
262   37   17
279   38   18
297   39   19
316   40   16
332   41   17
349   42   18
367   43   19
386   44   16
402   45   17
419   46   18
437   47   19
456   48   16
472   49   17
489   50   18
507   51   19
526   52   12
538   53   13
551   54   14
565   55   15
580   56   8
588   57   9
597   58   10
607   59   11
618   60   16
634   61   17
651   62   18
669   63   19
688   64   16
704   65   17
721   66   18
739   67   19
758   68   16
774   69   17
791   70   18
809   71   19
828   72   16
844   73   17
861   74   18
879   75   19
898   76   16
914   77   17
931   78   18
949   79   19
968   80   12
980   81   13
993   82   14
1007   83   15
1022   84   8
1030   85   9
1039   86   10
1049   87   11
1060   88   16
1076   89   17
1093   90   18
1111   91   19
1130   92   16
1146   93   17
1163   94   18
1181   95   19
1200   96   16
1216   97   17
1233   98   18
1251   99   19
1270   100   16
1286   101   17
1303   102   18
1321   103   19
1340   104   16
1356   105   17
1373   106   18
1391   107   19
1410   108   12
1422   109   13
1435   110   14
1449   111   15
1464   112   