string 0: 
string 1: 0 
string 2: 0 1 
string 3: 0 1 2 
string 4: 0 1 2 3 
string 5: 0 1 2 3 4 
string 6: 0 1 2 3 4 5 
string 7: 0 1 2 3 4 5 6 
string 8: 4 5 6 7 
string 9: 4 5 6 7 8 
string 10: 4 5 6 7 8 9 
string 11: 4 5 6 7 8 9 10 
string 12: 8 9 10 11 
string 13: 8 9 10 11 12 
string 14: 8 9 10 11 12 13 
string 15: 8 9 10 11 12 13 14 
string 16: 12 13 14 15 
string 17: 12 13 14 15 16 
string 18: 12 13 14 15 16 17 
string 19: 12 13 14 15 16 17 18 
string 20: 16 17 18 19 
string 21: 16 17 18 19 20 
string 22: 16 17 18 19 20 21 
string 23: 16 17 18 19 20 21 22 
string 24: 20 21 22 23 
string 25: 20 21 22 23 24 
string 26: 20 21 22 23 24 25 
string 27: 20 21 22 23 24 25 26 
string 28: 0 1 2 3 4 5 6 7 
string 29: 0 1 2 3 4 5 6 7 28 
string 30: 0 1 2 3 4 5 6 7 28 29 
string 31: 0 1 2 3 4 5 6 7 28 29 30 
string 32: 0 1 2 3 4 5 6 7 8 9 10 11 28 29 30 31 
string 33: 0 1 2 3 4 5 6 7 8 9 10 11 28 29 30 31 32 
string 34: 0 1 2 3 4 5 6 7 8 9 10 11 28 29 30 31 32 33 
string 35: 0 1 2 3 4 5 6 7 8 9 10 11 28 29 30 31 32 33 34 
string 36: 4 5 6 7 8 9 10 11 12 13 14 15 32 33 34 35 
string 37: 4 5 6 7 8 9 10 11 12 13 14 15 32 33 34 35 36 
string 38: 4 5 6 7 8 9 10 11 12 13 14 15 32 33 34 35 36 37 
string 39: 4 5 6 7 8 9 10 11 12 13 14 15 32 33 34 35 36 37 38 
string 40: 8 9 10 11 12 13 14 15 16 17 18 19 36 37 38 39 
string 41: 8 9 10 11 12 13 14 15 16 17 18 19 36 37 38 39 40 
string 42: 8 9 10 11 12 13 14 15 16 17 18 19 36 37 38 39 40 41 
string 43: 8 9 10 11 12 13 14 15 16 17 18 19 36 37 38 39 40 41 42 
string 44: 12 13 14 15 16 17 18 19 20 21 22 23 40 41 42 43 
string 45: 12 13 14 15 16 17 18 19 20 21 22 23 40 41 42 43 44 
string 46: 12 13 14 15 16 17 18 19 20 21 22 23 40 41 42 43 44 45 
string 47: 12 13 14 15 16 17 18 19 20 21 22 23 40 41 42 43 44 45 46 
string 48: 16 17 18 19 20 21 22 23 24 25 26 27 44 45 46 47 
string 49: 16 17 18 19 20 21 22 23 24 25 26 27 44 45 46 47 48 
string 50: 16 17 18 19 20 21 22 23 24 25 26 27 44 45 46 47 48 49 
string 51: 16 17 18 19 20 21 22 23 24 25 26 27 44 45 46 47 48 49 50 
string 52: 20 21 22 23 24 25 26 27 48 49 50 51 
string 53: 20 21 22 23 24 25 26 27 48 49 50 51 52 
string 54: 20 21 22 23 24 25 26 27 48 49 50 51 52 53 
string 55: 20 21 22 23 24 25 26 27 48 49 50 51 52 53 54 
string 56: 28 29 30 31 32 33 34 35 
string 57: 28 29 30 31 32 33 34 35 56 
string 58: 28 29 30 31 32 33 34 35 56 57 
string 59: 28 29 30 31 32 33 34 35 56 57 58 
string 60: 28 29 30 31 32 33 34 35 36 37 38 39 56 57 58 59 
string 61: 28 29 30 31 32 33 34 35 36 37 38 39 56 57 58 59 60 
string 62: 28 29 30 31 32 33 34 35 36 37 38 39 56 57 58 59 60 61 
string 63: 28 29 30 31 32 33 34 35 36 37 38 39 56 57 58 59 60 61 62 
string 64: 32 33 34 35 36 37 38 39 40 41 42 43 60 61 62 63 
string 65: 32 33 34 35 36 37 38 39 40 41 42 43 60 61 62 63 64 
string 66: 32 33 34 35 36 37 38 39 40 41 42 43 60 61 62 63 64 65 
string 67: 32 33 34 35 36 37 38 39 40 41 42 43 60 61 62 63 64 65 66 
string 68: 36 37 38 39 40 41 42 43 44 45 46 47 64 65 66 67 
string 69: 36 37 38 39 40 41 42 43 44 45 46 47 64 65 66 67 68 
string 70: 36 37 38 39 40 41 42 43 44 45 46 47 64 65 66 67 68 69 
string 71: 36 37 38 39 40 41 42 43 44 45 46 47 64 65 66 67 68 69 70 
string 72: 40 41 42 43 44 45 46 47 48 49 50 51 68 69 70 71 
string 73: 40 41 42 43 44 45 46 47 48 49 50 51 68 69 70 71 72 
string 74: 40 41 42 43 44 45 46 47 48 49 50 51 68 69 70 71 72 73 
string 75: 40 41 42 43 44 45 46 47 48 49 50 51 68 69 70 71 72 73 74 
string 76: 44 45 46 47 48 49 50 51 52 53 54 55 72 73 74 75 
string 77: 44 45 46 47 48 49 50 51 52 53 54 55 72 73 74 75 76 
string 78: 44 45 46 47 48 49 50 51 52 53 54 55 72 73 74 75 76 77 
string 79: 44 45 46 47 48 49 50 51 52 53 54 55 72 73 74 75 76 77 78 
string 80: 48 49 50 51 52 53 54 55 76 77 78 79 
string 81: 48 49 50 51 52 53 54 55 76 77 78 79 80 
string 82: 48 49 50 51 52 53 54 55 76 77 78 79 80 81 
string 83: 48 49 50 51 52 53 54 55 76 77 78 79 80 81 82 
string 84: 56 57 58 59 60 61 62 63 
string 85: 56 57 58 59 60 61 62 63 84 
string 86: 56 57 58 59 60 61 62 63 84 85 
string 87: 56 57 58 59 60 61 62 63 84 85 86 
string 88: 56 57 58 59 60 61 62 63 64 65 66 67 84 85 86 87 
string 89: 56 57 58 59 60 61 62 63 64 65 66 67 84 85 86 87 88 
string 90: 56 57 58 59 60 61 62 63 64 65 66 67 84 85 86 87 88 89 
string 91: 56 57 58 59 60 61 62 63 64 65 66 67 84 85 86 87 88 89 90 
string 92: 60 61 62 63 64 65 66 67 68 69 70 71 88 89 90 91 
string 93: 60 61 62 63 64 65 66 67 68 69 70 71 88 89 90 91 92 
string 94: 60 61 62 63 64 65 66 67 68 69 70 71 88 89 90 91 92 93 
string 95: 60 61 62 63 64 65 66 67 68 69 70 71 88 89 90 91 92 93 94 
string 96: 64 65 66 67 68 69 70 71 72 73 74 75 92 93 94 95 
string 97: 64 65 66 67 68 69 70 71 72 73 74 75 92 93 94 95 96 
string 98: 64 65 66 67 68 69 70 71 72 73 74 75 92 93 94 95 96 97 
string 99: 64 65 66 67 68 69 70 71 72 73 74 75 92 93 94 95 96 97 98 
string 100: 68 69 70 71 72 73 74 75 76 77 78 79 96 97 98 99 
string 101: 68 69 70 71 72 73 74 75 76 77 78 79 96 97 98 99 100 
string 102: 68 69 70 71 72 73 74 75 76 77 78 79 96 97 98 99 100 101 
string 103: 68 69 70 71 72 73 74 75 76 77 78 79 96 97 98 99 100 101 102 
string 104: 72 73 74 75 76 77 78 79 80 81 82 83 100 101 102 103 
string 105: 72 73 74 75 76 77 78 79 80 81 82 83 100 101 102 103 104 
string 106: 72 73 74 75 76 77 78 79 80 81 82 83 100 101 102 103 104 105 
string 107: 72 73 74 75 76 77 78 79 80 81 82 83 100 101 102 103 104 105 106 
string 108: 76 77 78 79 80 81 82 83 104 105 106 107 
string 109: 76 77 78 79 80 81 82 83 104 105 106 107 108 
string 110: 76 77 78 79 80 81 82 83 104 105 106 107 108 109 
string 111: 76 77 78 79 80 81 82 83 104 105 106 107 108 109 110 
