         0          -0.65
         1      -0.116667
         4          -0.85
         5       0.133333
         4          -1.15
         5           -0.2
         8          -1.35
         9       0.216667
         8          -1.65
         9      -0.283333
        12          -1.85
        13            0.3
        12          -2.15
        13      -0.366667
        16          -2.35
        17       0.383333
        16          -2.65
        17          -0.45
        20          -2.85
        21       0.466667
        20          -3.15
        21      -0.533333
        24          -3.35
        25           0.55
        84          17.15
        85        2.86667
        88          17.35
        89       -2.88333
        88          17.65
        89           2.95
        92          17.85
        93       -2.96667
        92          18.15
        93        3.03333
        96          18.35
        97          -3.05
        96          18.65
        97        3.11667
       100          18.85
       101       -3.13333
       100          19.15
       101            3.2
       104          19.35
       105       -3.21667
       104          19.65
       105        3.28333
       108          19.85
       109           -3.3
         0          -0.65
         2      -0.116667
        28          -0.85
        30       0.133333
        28          -1.15
        30           -0.2
        56          -1.35
        58       0.216667
        56          -1.65
        58      -0.283333
        84          -1.85
        86            0.3
        24          60.65
        26        10.1167
        52          60.85
        54       -10.1333
        52          61.15
        54           10.2
        80          61.35
        82       -10.2167
        80          61.65
        82        10.2833
       108          61.85
       110          -10.3
