             20              4             21            4.5             -1
             21            4.5             22            5.5             -1
             22            5.5             23            7.5             -1
             23            7.5             24              9             -1
              0             -1              1           -0.5              1
              1           -0.5              2            0.5              1
              2            0.5              3            2.5              1
              3            2.5              4              4              1
              0             -1              5           -0.5              1
              5           -0.5             10            0.5              1
             10            0.5             15            2.5              1
             15            2.5             20              4              1
              4              4              9            4.5             -1
              9            4.5             14            5.5             -1
             14            5.5             19            7.5             -1
             19            7.5             24              9             -1
