1
0 5 0 5 1 1

0 1
5
0.5
2
1

0 1
5
0.5
2
1
//-------------------
2
0 3 0 3 1 1
3 6 0 3 1 1

0 2
3 6
0.5 0.5
1 1
1 1

0 1
3
0.5
1
1
//-------------------

18
-5e-2      -3.5e-2    0e-2      7e-2      1      0
-3.5e-2    -1.5e-2    0e-2      2e-2      1      0
-3.5e-2     3.5e-2    5e-2      7e-2      1      0
-3.5e-2     3.5e-2    2e-2      5e-2      1      0
3.5e-2      5e-2      0e-2      7e-2      1      0
1.5e-2      3.5e-2    0e-2      2e-2      1      0
-1.5e-2     1.5e-2    0e-2      0.1e-2    1      4
-0.5e-2     0.5e-2    0.1e-2    2e-2      1      0
-1.5e-2    -0.5e-2    0.1e-2    1.25e-2   1      4
0.5e-2      1.5e-2    0.1e-2    1.25e-2   1      4
-1.25e-2   -0.75e-2   1.25e-2   1.75e-2   1      3
0.75e-2     1.25e-2   1.25e-2   1.75e-2   1      6
-1.5e-2    -0.5e-2    1.75e-2   2e-2      1      4
0.5e-2      1.5e-2    1.75e-2   2e-2      1      4
-1.5e-2    -1.25e-2   1.25e-2   1.75e-2   1      4
-0.75e-2   -0.5e-2    1.25e-2   1.75e-2   1      4
0.5e-2      0.75e-2   1.25e-2   1.75e-2   1      4
1.25e-2     1.5e-2    1.25e-2   1.75e-2   1      4
-5.0e-2 11
-3.5e-2 -1.5e-2 -1.25e-2 -0.75e-2 -0.5e-2 0.5e-2 0.75e-2 1.25e-2 1.5e-2 3.5e-2 5.0e-2
0.005 0.0015 0.0014 0.0014 0.00125 0.001 0.00125 0.0014 0.0014 0.0015 0.005
1.2 1.1 1 1 1.2 1 1.2 1 1 1.1 1.2
-1 -1 -1 -1 -1 1 1 1 1 1 1
0.0 6
0.1e-2 1.25e-2 1.75e-2 2.0e-2 5.0e-2 7.0e-2
0.001 0.001 0.0014 0.002 0.0036 0.018
1. 1.05 1. 1. 1.3 1.5
1 1 1 1 1 1

//---------

8
5 10 5 20 1 2
5 10 20 41 1 2
10 20 5 20 1 1
10 20 20 41 1 3
20 31 5 20 1 1
20 31 20 41 1 5
31 41 5 20 1 6
31 41 20 41 1 7

5 4
10 20 31 41
2 0.5 0.5 2
1.3 1.2 1.2 1.3
-1 -1 1 1

5 2
20 41
0.5 0.5
1.2 1.2
-1 1

//---------

8
5 10 5 20 1 1
5 10 20 41 1 1
10 20 5 20 1 1
10 20 20 41 1 1
20 31 5 20 1 1
20 31 20 41 1 1
31 41 5 20 1 1
31 41 20 41 1 1

5 4
10 20 31 41
1 1 1 1
1.2 1.2 1.2 1.2
-1 -1 1 1

5 2
20 41
1 1
1.1 1.1
1 1

//--------
1
0 50 0 50 1 1

0 2
25 50
0.1 0.1
1.3 1.3
-1 1

0 2
25 50
0.1 0.1
1.3 1.3
-1 1
//-----
3
0 10 0 10 1 1
10 20 0 5 1 1
10 20 5 10 1 1

0 2
10 20
2 2
3 3
1 1

0 2
5 10
1 1
1.2 1.2
1 1
//-----
18
-5e-2      -3.5e-2    0e-2      7e-2      1      1
-3.5e-2    -1.5e-2    0e-2      2e-2      2      2
-3.5e-2     3.5e-2    5e-2      7e-2      1      1
-3.5e-2     3.5e-2    2e-2      5e-2      2      2
3.5e-2      5e-2      0e-2      7e-2      1      1
1.5e-2      3.5e-2    0e-2      2e-2      2      2
-1.5e-2     1.5e-2    0e-2      0.1e-2    1      1
-0.5e-2     0.5e-2    0.1e-2    2e-2      2      2
-1.5e-2    -0.5e-2    0.1e-2    1.25e-2   1      1
0.5e-2      1.5e-2    0.1e-2    1.25e-2   1      1
-1.25e-2   -0.75e-2   1.25e-2   1.75e-2   1      3
0.75e-2     1.25e-2   1.25e-2   1.75e-2   1      4
-1.5e-2    -0.5e-2    1.75e-2   2e-2      1      1
0.5e-2      1.5e-2    1.75e-2   2e-2      1      1
-1.5e-2    -1.25e-2   1.25e-2   1.75e-2   1      1
-0.75e-2   -0.5e-2    1.25e-2   1.75e-2   1      1
0.5e-2      0.75e-2   1.25e-2   1.75e-2   1      1
1.25e-2     1.5e-2    1.25e-2   1.75e-2   1      1
-5.0e-2 11
-3.5e-2 -1.5e-2 -1.25e-2 -0.75e-2 -0.5e-2 0.5e-2 0.75e-2 1.25e-2 1.5e-2 3.5e-2 5.0e-2
0.005 0.0015 0.0014 0.0014 0.00125 0.0015 0.00125 0.0014 0.0014 0.0015 0.005
1.2 1.1 1.1 1. 1.2 1. 1.2 1. 1. 1.1 1.2
-1 -1 1 1 -1 1 1 1 1 1 1
0.0 6
0.1e-2 1.25e-2 1.75e-2 2.0e-2 5.0e-2 7.0e-2
0.001 0.001 0.0014 0.002 0.0036 0.018
1. 1.05 1. 1. 1.3 1.5
1 1 1 1 1 1
0 0

//---------


4
5 10 5 41 1 1
10 20 5 41 1 1
20 31 5 41 1 1
31 41 5 41 1 1

5 4
10 20 31 41
1 1 1 1
1.2 1.2 1.2 1.2
-1 1 1 1

5 3
15 25 41
1 1 1
1.2 1.2 1.2
1 1 1

//-------


18
-5e-2      -3.5e-2    0e-2      7e-2      1            1
-3.5e-2    -1.5e-2    0e-2      2e-2      1000         2
-3.5e-2     3.5e-2    5e-2      7e-2      1            1
-3.5e-2     3.5e-2    2e-2      5e-2      1000         2
3.5e-2      5e-2      0e-2      7e-2      1            1
1.5e-2      3.5e-2    0e-2      2e-2      1000         2
-1.5e-2     1.5e-2    0e-2      0.1e-2    1            1
-0.5e-2     0.5e-2    0.1e-2    2e-2      1000         2
-1.5e-2    -0.5e-2    0.1e-2    1.25e-2   1            1
0.5e-2      1.5e-2    0.1e-2    1.25e-2   1            1
-1.25e-2   -0.75e-2   1.25e-2   1.75e-2   1            3
0.75e-2     1.25e-2   1.25e-2   1.75e-2   1            4
-1.5e-2    -0.5e-2    1.75e-2   2e-2      1            1
0.5e-2      1.5e-2    1.75e-2   2e-2      1            1
-1.5e-2    -1.25e-2   1.25e-2   1.75e-2   1            1
-0.75e-2   -0.5e-2    1.25e-2   1.75e-2   1            1
0.5e-2      0.75e-2   1.25e-2   1.75e-2   1            1
1.25e-2     1.5e-2    1.25e-2   1.75e-2   1            1
-5.0e-2 11
-3.5e-2 -1.5e-2 -1.25e-2 -0.75e-2 -0.5e-2 0.5e-2 0.75e-2 1.25e-2 1.5e-2 3.5e-2 5.0e-2
0.001 0.001 0.001 0.001 0.001 0.001 0.001 0.001 0.001 0.001 0.001
1.0000001 1.0000001 1.0000001 1.0000001 1.0000001 1.0000001 1.0000001 1.0000001 1.0000001 1.0000001 1.0000001
1 1 1 1 1 1 1 1 1 1 1
0.0 6
0.1e-2 1.25e-2 1.75e-2 2.0e-2 5.0e-2 7.0e-2
0.001 0.001 0.001 0.001 0.001 0.001
1.0000001 1.0000001 1.0000001 1.0000001 1.0000001 1.0000001
1 1 1 1 1 1
0 0


//------
4
5 10 5 41 1 1
10 20 5 41 1 1
20 31 5 41 1 1
31 41 5 41 1 1

5 4
10 20 31 41
1 1 1 1
1.2 1.2 1.2 1.2
-1 -1 1 1

5 3
15 25 41
1 1 1
1.2 1.2 1.2
1 1 1